1.155
1.481
1.715
1.887
2.020
2.126
2.215
2.290
2.355
2.412
2.462
2.507
2.549
2.585
2.620
2.651
2.681
2.709
2.733
2.758
2.781
2.802
2.822
2.841
2.859
2.876
2.893
2.908
2.924
2.938
2.952
2.965
2.979
2.991
3.003
3.014
3.025
3.036
3.046
3.057
3.067
3.075
3.085
3.094
3.103
3.111
3.120
3.128
3.136
3.143
3.151
3.158
3.166
3.172
3.180
3.186
3.193
3.199
3.205
3.212
3.218
3.224
3.230
3.235
3.241
3.246
3.252
3.257
3.262
3.267
3.272
3.278
3.282
3.287
3.291
3.297
3.301
3.305
3.309
3.315
3.319
3.323
3.327
3.331
3.335
3.339
3.343
3.347
3.350
3.355
3.358
3.362
3.365
3.369
3.372
3.377
3.380
3.383