1.155
1.496
1.764
1.973
2.139
2.274
2.387
2.482
2.564
2.636
2.699
2.755
2.806
2.852
2.894
2.932
2.968
3.001
3.031
3.060
3.087
3.112
3.135
3.157
3.178
3.199
3.218
3.236
3.253
3.270
3.286
3.301
3.316
3.330
3.343
3.356
3.369
3.381
3.393
3.404
3.415
3.425
3.435
3.445
3.455
3.464
3.474
3.483
3.491
3.500
3.507
3.516
3.524
3.531
3.539
3.546
3.553
3.560
3.566
3.573
3.579
3.586
3.592
3.598
3.605
3.610
3.617
3.622
3.627
3.633
3.638
3.643
3.648
3.654
3.658
3.663
3.669
3.673
3.677
3.682
3.687
3.691
3.695
3.699
3.704
3.708
3.712
3.716
3.720
3.725
3.728
3.732
3.736
3.739
3.744
3.747
3.750
3.754