1.148
1.425
1.602
1.729
1.828
1.909
1.977
2.036
2.088
2.134
2.175
2.213
2.247
2.279
2.309
2.335
2.361
2.385
2.408
2.429
2.448
2.467
2.486
2.502
2.519
2.534
2.549
2.583
2.577
2.591
2.604
2.616
2.628
2.639
2.650
2.661
2.671
2.682
2.692
2.700
2.710
2.719
2.727
2.736
2.744
2.753
2.760
2.768
2.775
2.783
2.790
2.798
2.804
2.811
2.818
2.824
2.831
2.837
2.842
2.849
2.854
2.860
2.866
2.871
2.877
2.883
2.888
2.893
2.897
2.903
2.908
2.912
2.917
2.922
2.927
2.931
2.935
2.940
2.945
2.949
2.953
2.957
2.961
2.966
2.970
2.973
2.977
2.981
2.984
2.989
2.993
2.996
3.000
3.003
3.006
3.011
3.014
3.017
